FORMOSAT-8A             
1 66666U 25276A   26257.14455792  .00001296  00000+0  10603-3 0  9991
2 66666  97.6543 330.0521 0006050 332.4424  27.6478 15.01064045 43404
PELICAN-5               
1 66667U 25276B   26257.92796699  .00007358  00000+0  21211-3 0  9994
2 66667  97.3920 333.1400 0001524 114.3374 245.8029 15.36020500 44271
SARI-1                  
1 66668U 25276C   26257.93434604  .00036985  00000+0  11686-2 0  9993
2 66668  97.3974 331.8298 0006253  58.6208 301.5645 15.32702846 44215
SARI-2                  
1 66669U 25276D   26257.91781371  .00033876  00000+0  11005-2 0  9999
2 66669  97.3986 331.7655 0006540  62.8149 297.3758 15.31829942 44207
HUNITY                  
1 66670U 25276E   26257.64454332  .00024683  00000+0  81673-3 0  9990
2 66670  97.3986 331.3934 0006401  64.8511 295.3394 15.31304340 44154
ANISCSAT-1              
1 66671U 25276F   26257.11451150  .00008592  00000+0  36616-3 0  9996
2 66671  97.4133 329.7201 0006580  58.0381 302.1495 15.23174542 43963
BRO-17                  
1 66672U 25276G   26257.94906898  .00002789  00000+0  13860-3 0  9990
2 66672  97.4115 329.3026 0007976  56.9264 303.2735 15.18452390 44012
TRANSPORTER-15 OBJECT H 
1 66673U 25276H   26257.92288153  .00015605  00000+0  62492-3 0  9992
2 66673  97.4089 330.7307 0006906  64.4225 295.7726 15.25116647 44110
BRO-20                  
1 66674U 25276J   26256.92978182  .00002236  00000+0  11121-3 0  9999
2 66674  97.4096 328.2899 0007640  62.7526 297.4486 15.18623505 43869
VEERY-0G                
1 66675U 25276K   26257.15199440  .00006758  00000+0  29740-3 0  9997
2 66675  97.4098 329.3860 0006840  62.6720 297.5212 15.22160329 43951
TRANSPORTER-15 OBJECT L 
1 66676U 25276L   26257.93025079  .00004551  00000+0  21589-3 0  9992
2 66676  97.4096 329.5817 0007124  60.6092 299.5854 15.19747133 44034
AE5RC                   
1 66677U 25276M   26257.45465576  .00011136  00000+0  45144-3 0  9990
2 66677  97.4104 330.3593 0006106  70.9917 289.1982 15.24793391 44046
OTTER SDM               
1 66678U 25276N   26257.63457063  .00005239  00000+0  24139-3 0  9991
2 66678  97.4137 329.6497 0006794  56.5003 303.6881 15.20692766 44002
LILIUM-2                
1 66679U 25276P   26257.94466436  .00002770  00000+0  13808-3 0  9998
2 66679  97.4075 329.1735 0007342  62.1575 298.0402 15.18355153 44011
LEMUR-2-DEANANDMAEVE    
1 66680U 25276Q   26257.64257783  .00004130  00000+0  19482-3 0  9996
2 66680  97.4128 329.4548 0006917  56.3113 303.8780 15.20000474 43993
TRANSPORTER-15 OBJECT R 
1 66681U 25276R   26257.43576168  .00012795  00000+0  49244-3 0  9990
2 66681  97.4039 330.4680 0005903  71.3606 288.8273 15.26496997 44065
ION SCV-022             
1 66682U 25276S   26257.42733529  .00000069  00000+0  10547-4 0  9992
2 66682  97.5222 324.8986 0004202 221.3515 138.7390 14.98043922 43431
6GSTARLAB               
1 66683U 25276T   26257.67001372  .00002317  00000+0  11453-3 0  9998
2 66683  97.4168 329.4208 0006999  53.4951 306.6927 15.18816856 43980
MICE-1                  
1 66684U 25276U   26257.47800062  .00002908  00000+0  13922-3 0  9999
2 66684  97.4198 329.6170 0006559  53.7900 306.3941 15.19727490 43971
AE5RA                   
1 66685U 25276V   26257.65080974  .00009130  00000+0  37109-3 0  9999
2 66685  97.4141 330.6934 0005520  70.9045 289.2790 15.24763236 44075
LEMUR-2-STAS-GORBUK     
1 66686U 25276W   26257.93764308  .00005111  00000+0  23909-3 0  9999
2 66686  97.4168 329.9847 0006215  55.4693 304.7128 15.20185414 44045
LEO EXPRESS 3           
1 66687U 25276X   26257.92691504  .00010651  00000+0  46032-3 0  9993
2 66687  97.4183 330.4155 0004119 169.5345 190.5979 15.22645973 44075
WISDOM A                
1 66688U 25276Y   26257.93846628  .00004763  00000+0  22376-3 0  9996
2 66688  97.4143 329.8903 0006028  56.4579 303.7231 15.20069519 44049
AC1-003                 
1 66689U 25276Z   26257.94504178  .00001724  00000+0  86714-4 0  9990
2 66689  97.4129 329.5179 0004256  71.5030 288.6666 15.18550734 44029
TRANSPORTER-15 OBJECT AA
1 66690U 25276AA  26257.64796255  .00003725  00000+0  17762-3 0  9997
2 66690  97.4108 329.3730 0005974  58.4839 301.6979 15.19691147 43991
TRANSPORTER-15 OBJECT AB
1 66691U 25276AB  26257.64882249  .00006698  00000+0  29449-3 0  9994
2 66691  97.4125 330.0544 0005593  57.7394 302.4384 15.22202588 44034
NUSAT-52                
1 66692U 25276AC  26257.14345421  .00004595  00000+0  21333-3 0  9994
2 66692  97.4133 329.2234 0004632  77.7494 282.4260 15.20501048 43935
AE5RB                   
1 66693U 25276AD  26257.65111048  .00011635  00000+0  47141-3 0  9995
2 66693  97.4095 330.5204 0004833  65.6873 294.4869 15.24806614 44070
YAM-9                   
1 66694U 25276AE  26257.47224838  .00004167  00000+0  22193-3 0  9990
2 66694  97.4135 327.9035 0008677  13.0673 347.0783 15.15719501 43878
IRIDE-MS1-EAGLET 2-1    
1 66695U 25276AF  26257.46586833  .00003766  00000+0  16932-3 0  9994
2 66695  97.4121 329.9579 0002406  72.0606 288.0893 15.21726691 44012
IRIDE-MS1-EAGLET 2-2    
1 66696U 25276AG  26257.51063016  .00004003  00000+0  18133-3 0  9994
2 66696  97.4112 329.7003 0005154  66.0916 294.0859 15.21428452 44005
IRIDE-MS1-EAGLET 2-3    
1 66697U 25276AH  26257.14158639  .00005940  00000+0  26400-3 0  9997
2 66697  97.4109 329.5772 0002430  47.3901 312.7540 15.21890599 43967
IRIDE-MS1-EAGLET 2-4    
1 66698U 25276AJ  26257.67381926  .00005105  00000+0  23613-3 0  9999
2 66698  97.4109 329.6407 0005231  64.6893 295.4883 15.20574125 44015
IRIDE-MS1-EAGLET 2-5    
1 66699U 25276AK  26257.68019099  .00006071  00000+0  27557-3 0  9994
2 66699  97.4124 329.8358 0005253  66.3907 293.7880 15.21152540 44022
IRIDE-MS1-EAGLET 2-6    
1 66700U 25276AL  26257.62925244  .00004390  00000+0  19467-3 0  9992
2 66700  97.4146 330.2779 0002801  52.7931 307.3560 15.22110978 44043
IRIDE-MS1-EAGLET 2-7    
1 66701U 25276AM  26257.94071809  .00006228  00000+0  28340-3 0  9999
2 66701  97.4143 330.1687 0005914  61.7836 298.3996 15.21048885 44060
IRIDE-MS1-EAGLET 2-8    
1 66702U 25276AN  26257.94964099  .00006628  00000+0  30206-3 0  9990
2 66702  97.4115 330.0648 0005654  78.5252 281.6618 15.20976409 44062
PELICAN-6               
1 66703U 25276AP  26257.91670139 -.00033718  00000+0 -99814-3 0  9999
2 66703  97.3310 332.5893 0002103  99.4257 237.1696 15.34945452  5856
FLOCK 4H-1              
1 66704U 25276AQ  26257.45430230  .00005010  00000+0  22561-3 0  9992
2 66704  97.4094 329.7484 0002340  37.4657 322.6742 15.21518020 44005
FLOCK 4H-2              
1 66705U 25276AR  26257.15248661  .00005498  00000+0  24517-3 0  9998
2 66705  97.4103 329.5263 0002184  61.8921 298.2536 15.21812834 43964
FLOCK 4H-3              
1 66706U 25276AS  26257.44191236  .00005125  00000+0  23492-3 0  9994
2 66706  97.4172 329.7089 0005148  63.0039 297.1722 15.20888042 43986
FLOCK 4H-4              
1 66707U 25276AT  26257.94640021  .00007826  00000+0  35864-3 0  9997
2 66707  97.4153 330.0406 0005826  61.1136 299.0683 15.20723630 44051
FLOCK 4H-5              
1 66708U 25276AU  26257.51052490  .00004813  00000+0  21700-3 0  9995
2 66708  97.4103 329.8289 0001893  72.9566 287.1878 15.21497362 44010
FLOCK 4H-6              
1 66709U 25276AV  26257.10709730  .00003603  00000+0  16456-3 0  9995
2 66709  97.4157 329.4913 0003882  46.4827 313.6731 15.21210993 43943
FLOCK 4H-7              
1 66710U 25276AW  26257.62362900  .00005910  00000+0  26913-3 0  9990
2 66710  97.4112 329.7043 0003860  84.8490 275.3186 15.21053888 44016
FLOCK 4H-8              
1 66711U 25276AX  26257.47840041  .00005165  00000+0  23482-3 0  9991
2 66711  97.4154 329.7537 0004846  74.3751 285.8020 15.21168251 43990
FLOCK 4H-9              
1 66712U 25276AY  26257.93999407  .00006862  00000+0  30799-3 0  9998
2 66712  97.4141 330.3239 0004028  47.7931 312.3646 15.21495958 44077
FLOCK 4H-10             
1 66713U 25276AZ  26257.13608379  .00006100  00000+0  27963-3 0  9990
2 66713  97.4121 329.1620 0005701  64.5524 295.6301 15.20807975 43930
FLOCK 4H-11             
1 66714U 25276BA  26257.93816088  .00014071  00000+0  57026-3 0  9996
2 66714  97.4118 330.8793 0003878  72.6943 287.4719 15.24753488 44111
FLOCK 4H-12             
1 66715U 25276BB  26257.92622316  .00005702  00000+0  25646-3 0  9999
2 66715  97.4115 330.2268 0002739  49.7180 310.4295 15.21501378 44384
FLOCK 4H-13             
1 66716U 25276BC  26257.43356001  .00005187  00000+0  23329-3 0  9994
2 66716  97.4151 329.9485 0001629  56.1105 304.0286 15.21544568 44003
FLOCK 4H-14             
1 66717U 25276BD  26257.63758786  .00006014  00000+0  26575-3 0  9999
2 66717  97.4132 330.2265 0001549  60.3931 299.7459 15.22082366 43295
FLOCK 4H-15             
1 66718U 25276BE  26257.43603791  .00015060  00000+0  67524-3 0  9993
2 66718  97.4144 329.4785 0004674  74.3029 285.8722 15.21303798 43979
FLOCK 4H-16             
1 66719U 25276BF  26257.93249607  .00006464  00000+0  29595-3 0  9995
2 66719  97.4160 330.0962 0005546  63.6219 296.5586 15.20825081 44054
FLOCK 4H-17             
1 66720U 25276BG  26257.65117026  .00011148  00000+0  44972-3 0  9996
2 66720  97.4132 330.7225 0003205  34.2297 325.9147 15.24970466 44078
FLOCK 4H-18             
1 66721U 25276BH  26257.15151187  .00005105  00000+0  23500-3 0  9998
2 66721  97.4106 329.0899 0005411  82.3789 277.8061 15.20742205 43937
FLOCK 4H-19             
1 66722U 25276BJ  26257.63076019  .00004896  00000+0  21833-3 0  9995
2 66722  97.4106 330.1295 0001632  40.4607 319.6750 15.21866121 43335
FLOCK 4H-20             
1 66723U 25276BK  26257.62448603  .00005925  00000+0  26155-3 0  9993
2 66723  97.4141 330.2798 0002676  26.0100 334.1270 15.22123719 43295
FLOCK 4H-21             
1 66724U 25276BL  26257.93515613  .00006024  00000+0  26895-3 0  9996
2 66724  97.4107 330.3443 0002420  28.9135 331.2235 15.21730995 43335
FLOCK 4H-22             
1 66725U 25276BM  26257.67128229  .00005995  00000+0  27161-3 0  9994
2 66725  97.4098 329.7409 0004205  83.6598 276.5116 15.21222387 44020
FLOCK 4H-23             
1 66726U 25276BN  26257.94141546  .00006375  00000+0  29276-3 0  9994
2 66726  97.4168 330.1036 0005502  57.1545 303.0220 15.20729700 44055
FLOCK 4H-24             
1 66727U 25276BP  26257.65822263  .00005541  00000+0  25395-3 0  9997
2 66727  97.4164 329.8612 0005336  70.5711 289.6101 15.20855001 44013
FLOCK 4H-25             
1 66728U 25276BQ  26257.62898866  .00005006  00000+0  22501-3 0  9999
2 66728  97.4121 330.0339 0001372  74.2210 285.9178 15.21584699 43316
FLOCK 4H-26             
1 66729U 25276BR  26257.44004887  .00005196  00000+0  24039-3 0  9990
2 66729  97.4120 329.3652 0006126  68.0144 292.1742 15.20559327 43972
FLOCK 4H-27             
1 66730U 25276BS  26256.94328777  .00005904  00000+0  26609-3 0  9995
2 66730  97.4098 329.1763 0001800  77.7110 282.4327 15.21417767 43921
FLOCK 4H-28             
1 66731U 25276BT  26257.94710603  .00012184  00000+0  54872-3 0  9991
2 66731  97.4102 329.8624 0005454  72.0278 288.1551 15.21197915 44050
FLOCK 4H-29             
1 66732U 25276BU  26257.15075929  .00006398  00000+0  29412-3 0  9992
2 66732  97.4099 329.0590 0004862  80.2578 279.9207 15.20695521 43933
FLOCK 4H-30             
1 66733U 25276BV  26257.92684737  .00006334  00000+0  28995-3 0  9996
2 66733  97.4157 330.0920 0005578  68.5223 291.6607 15.20842561 44056
FLOCK 4H-31             
1 66734U 25276BW  26257.43124415  .00005014  00000+0  23196-3 0  9997
2 66734  97.4095 329.2906 0005126  76.5400 283.6407 15.20579513 43970
FLOCK 4H-32             
1 66735U 25276BX  26257.94073550  .00007231  00000+0  33178-3 0  9991
2 66735  97.4150 330.0437 0005819  64.7722 295.4116 15.20707109 44059
FLOCK 4H-33             
1 66736U 25276BY  26257.45904663  .00005131  00000+0  22899-3 0  9991
2 66736  97.4147 330.0634 0002171  27.3506 332.7844 15.21813125 44014
FLOCK 4H-34             
1 66737U 25276BZ  26257.65675913  .00004844  00000+0  21848-3 0  9990
2 66737  97.4165 330.1641 0002552  33.7084 326.4313 15.21480035 43288
FLOCK 4H-35             
1 66738U 25276CA  26257.43095566  .00004646  00000+0  20909-3 0  9994
2 66738  97.4123 329.8554 0001761  31.4746 328.6595 15.21576494 43294
FLOCK 4H-36             
1 66739U 25276CB  26257.14885145  .00006455  00000+0  29065-3 0  9995
2 66739  97.4176 329.6538 0003008  41.1150 319.0312 15.21409420 43954
NUSAT-51 (YVONNE BRILL) 
1 66740U 25276CC  26257.44954867  .00004526  00000+0  20626-3 0  9999
2 66740  97.4141 329.7283 0004275  59.6436 300.5223 15.21153440 43992
BLACK KITE-1            
1 66741U 25276CD  26257.44162374  .00005868  00000+0  26172-3 0  9996
2 66741  97.4169 329.8761 0006452  50.0058 310.1744 15.21759232 41296
MERCURY ONE (M1)        
1 66742U 25276CE  26257.46822029  .00003395  00000+0  15960-3 0  9995
2 66742  97.4117 329.4927 0003146  49.3519 310.7990 15.20258512 43981
NUSAT-47                
1 66743U 25276CF  26256.73104388  .00003839  00000+0  17556-3 0  9992
2 66743  97.4114 328.9387 0003127  72.8152 287.3426 15.21133331 43880
AC1-001                 
1 66744U 25276CG  26257.92241893  .00001766  00000+0  88433-4 0  9998
2 66744  97.4128 329.5475 0004253  64.7791 295.3884 15.18671601 44028
AC1-002                 
1 66745U 25276CH  26257.64259152  .00001688  00000+0  84463-4 0  9997
2 66745  97.4120 329.2772 0003434  60.5556 299.6021 15.18759177 43980
UMBRA-11                
1 66748U 25276CL  26257.95064104  .00024258  00000+0  83480-3 0  9990
2 66748  97.4123 332.2071 0002104  47.7204 312.4215 15.30052910 44202
PIAST-S1                
1 66749U 25276CM  26257.96547698  .00004911  00000+0  22411-3 0  9997
2 66749  97.4114 330.1928 0003071  45.2185 314.9300 15.21070368 44070
TRANSPORTER-15 OBJECT CN
1 66750U 25276CN  26257.94484115  .00003650  00000+0  17039-3 0  9990
2 66750  97.4152 330.2166 0002108  34.9982 325.1391 15.20450158 44060
ICEYE-X58               
1 66751U 25276CP  26257.93635862  .00002164  00000+0  11113-3 0  9993
2 66751  97.4131 329.5298 0004103  44.7529 315.4035 15.17550135 44023
ICEYE-X59               
1 66752U 25276CQ  26257.60992052  .00003434  00000+0  27034-3 0  9995
2 66752  97.4513 325.1574 0001447  60.8573 299.2797 15.01435932 43688
ICEYE-X60               
1 66753U 25276CR  26257.93328029  .00004749  00000+0  29693-3 0  9992
2 66753  97.4121 327.8569 0003915  87.4739 272.6939 15.09886453 43913
ICEYE-X61               
1 66754U 25276CS  26257.17335167  .00002397  00000+0  11776-3 0  9990
2 66754  97.4128 328.9980 0004165  46.6051 313.5529 15.19006555 43921
ICEYE-X62               
1 66755U 25276CT  26257.17819815  .00001384  00000+0  87929-4 0  9997
2 66755  97.4124 326.5867 0003891  71.9781 288.1873 15.10428421 43764
MAUVE                   
1 66756U 25276CU  26257.65431682  .00005125  00000+0  22992-3 0  9998
2 66756  97.4133 330.0512 0002233  46.4165 313.7256 15.21638735 44038
PIAST-S2                
1 66757U 25276CV  26257.92262655  .00004820  00000+0  21844-3 0  9997
2 66757  97.4137 330.3381 0002118  44.9350 315.2057 15.21315137 44079
PIAST-M                 
1 66758U 25276CW  26257.42906802  .00003831  00000+0  17595-3 0  9991
2 66758  97.4110 329.6645 0001956  60.4228 299.7203 15.20989414 43994
TRANSPORTER-15 OBJECT CX
1 66759U 25276CX  26257.46122813  .00004640  00000+0  20705-3 0  9994
2 66759  97.4093 329.8671 0001616  47.6556 312.4817 15.21867585 44013
TRANSPORTER-15 OBJECT CY
1 66760U 25276CY  26257.35415093  .00003753  00000+0  17259-3 0  9993
2 66760  97.4114 329.6251 0001445  70.8666 289.2726 15.20952997 43987
TRANSPORTER-15 OBJECT CZ
1 66761U 25276CZ  26257.92483205  .00008238  00000+0  34684-3 0  9991
2 66761  97.4106 330.8303 0001112  62.9846 297.1505 15.23615977 44110
HYDROGNSS-1             
1 66762U 25276DA  26257.62869559  .00002176  00000+0  13068-3 0  9997
2 66762  97.4122 327.5076 0012491 101.2040 259.0595 15.11869975 43867
HYDROGNSS-2             
1 66763U 25276DB  26257.66290240  .00002290  00000+0  13738-3 0  9998
2 66763  97.4124 327.4720 0012318  52.0129 308.2212 15.11853843 43864
NAHLA                   
1 66764U 25276DC  26257.63093486  .00001973  00000+0  96777-4 0  9991
2 66764  97.4127 329.4524 0003648  45.8018 314.3516 15.19273640 43993
TRANSPORTER-15 OBJECT DD
1 66765U 25276DD  26257.44647706  .00008314  00000+0  32963-3 0  9993
2 66765  97.4144 330.9576 0001040  75.4622 284.6732 15.25640419 44079
T.MICROSAT-1            
1 66766U 25276DE  26257.92867735  .00005174  00000+0  23210-3 0  9999
2 66766  97.4084 330.2678 0001285 114.5679 245.5691 15.21633826 44088
ACCENTURE-1             
1 66767U 25276DF  26257.45153353  .00002684  00000+0  12589-3 0  9992
2 66767  97.4088 329.5467 0001190 114.7789 245.3570 15.20521317 43992
LEMUR-2-TEODOR          
1 66768U 25276DG  26257.95374020  .00005193  00000+0  23128-3 0  9993
2 66768  97.4077 330.3529 0001653 121.7997 238.3401 15.21878619 44091
SPEQTRE                 
1 66769U 25276DH  26257.50946693  .00003633  00000+0  16617-3 0  9998
2 66769  97.4132 329.9445 0000392  79.0380 281.0900 15.21166948 44011
LILIUM-3                
1 66770U 25276DJ  26257.64096137  .00001765  00000+0  85428-4 0  9995
2 66770  97.4171 329.9061 0000996   1.0440 359.0796 15.19877979 44011
GYEONGGISAT-1           
1 66771U 25276DK  26257.67336112  .00004698  00000+0  21147-3 0  9994
2 66771  97.4157 330.2857 0000314  15.8370 344.2876 15.21568712 44046
IHI-SAT2                
1 66772U 25276DL  26256.71086826  .00004216  00000+0  18563-3 0  9997
2 66772  97.4164 329.5734 0000338 130.6003 229.5263 15.22383425 43912
TRANSPORTER-15 OBJECT DM
1 66773U 25276DM  26257.10406905  .00003651  00000+0  16691-3 0  9998
2 66773  97.4148 329.6215 0000162 164.9406 195.1835 15.21178143 43957
GENA-OT                 
1 66774U 25276DN  26257.94372738  .00005579  00000+0  24733-3 0  9994
2 66774  97.4128 330.5771 0000458 148.5598 211.5665 15.22003383 44096
PHI 1                   
1 66775U 25276DP  26257.45685506  .00004790  00000+0  21137-3 0  9990
2 66775  97.4056 329.8781 0001841 146.0288 214.1066 15.22237599 44020
LEMUR-2-LAILA           
1 66776U 25276DQ  26257.65121652  .00004302  00000+0  19086-3 0  9999
2 66776  97.4101 330.2340 0001188 146.5284 213.6028 15.22109799 44059
LUNA-1                  
1 66777U 25276DR  26257.64579636  .00007502  00000+0  31123-3 0  9999
2 66777  97.4182 331.0155 0000347 249.0948 111.0252 15.24149766 44087
FORESAIL-1 PRIME        
1 66778U 25276DS  26257.45215963  .00003319  00000+0  16027-3 0  9997
2 66778  97.4123 329.0921 0003297 131.5374 228.6144 15.19339774 43950
FOSSASAT-2E22           
1 66779U 25276DT  26257.91958300  .00001825  00000+0  89537-4 0  9995
2 66779  97.4109 329.4491 0005594 165.9055 194.2337 15.19346831 44023
FOSSASAT-2E24           
1 66780U 25276DU  26257.65985459  .00002555  00000+0  12387-3 0  9992
2 66780  97.4100 329.3191 0004898 159.7931 200.3499 15.19399164 43992
LEMUR-2-CELIJO-SB-PK    
1 66781U 25276DV  26257.93276404  .00005868  00000+0  46549-3 0  9994
2 66781  97.5147 325.7417 0001821 201.5937 158.5210 15.00882293 36088
LEMUR-2-FINNIAN         
1 66782U 25276DW  26257.42725834  .00003764  00000+0  29912-3 0  9993
2 66782  97.5235 325.6576 0010721 147.8465 212.3416 15.00996672 33383
LEMUR-2-STARLIGHT       
1 66783U 25276DX  26257.65680706  .00004441  00000+0  36224-3 0  9994
2 66783  97.5141 325.2502 0016477 184.0808 176.0284 14.99839461 43607
LEMUR-2-TARTIFLETTE     
1 66784U 25276DY  26257.65522356  .00003682  00000+0  30134-3 0  9991
2 66784  97.5145 325.2582 0015238 191.6783 168.4090 14.99826345 43607
LEMUR-2-VUKASIN         
1 66785U 25276DZ  26257.64463795  .00004183  00000+0  33218-3 0  9995
2 66785  97.5038 325.6439 0005888 135.4015 224.7684 15.00988069 43563
LEMUR-2-HOTSPUR-TOM     
1 66786U 25276EA  26257.92033662  .00005014  00000+0  40930-3 0  9996
2 66786  97.5132 325.4701 0015659 187.6276 172.4712 14.99759135 43573
LEMUR-2-MYRA            
1 66787U 25276EB  26257.14227929  .00005548  00000+0  43782-3 0  9992
2 66787  97.5312 325.1863 0016068 206.1578 153.8836 15.01011453 43553
FOSSASA-2E23            
1 66788U 25276EC  26257.67891564  .00007566  00000+0  32526-3 0  9999
2 66788  97.4167 330.2511 0006079 156.6481 203.5033 15.22923459 44049
ION SCV-021             
1 67483U 25276ED  26257.62843884  .00000303  00000+0  30334-4 0  9997
2 67483  97.5173 324.8139 0009969 166.9141 193.2343 14.98060567 35990
