PEAKSAT                 
1 68416U 26067A   26257.82112468  .00006726  00000+0  31119-3 0  9998
2 68416  97.4648 215.3869 0001688  23.0711 337.0599 15.20464490 25565
JACK-002                
1 68417U 26067B   26257.83056382  .00006608  00000+0  30674-3 0  9996
2 68417  97.4670 215.4197 0001849  27.3352 332.7980 15.20357543 25569
OPTISAT                 
1 68418U 26067C   26257.61359582  .00003993  00000+0  19054-3 0  9994
2 68418  97.4684 215.1374 0002647  27.7078 332.4297 15.19647365 25521
FEMTO-1                 
1 68419U 26067D   26257.81977468  .00002843  00000+0  13766-3 0  9993
2 68419  97.4640 215.2255 0001391  24.5631 335.5670 15.19378899 25553
ERMIS-2                 
1 68420U 26067E   26257.85357690  .00009334  00000+0  42148-3 0  9996
2 68420  97.4568 215.3447 0001301  57.5699 302.5662 15.21190806 25579
VIREON-2                
1 68421U 26067F   26257.82932205  .00003710  00000+0  17863-3 0  9993
2 68421  97.4622 215.1662 0001054  61.6182 298.5159 15.19377264 25551
BRO-19                  
1 68422U 26067G   26257.96377598  .00003165  00000+0  15310-3 0  9996
2 68422  97.4575 215.2015 0001115  65.4304 294.7046 15.19322161 25579
SPOQC                   
1 68423U 26067H   26257.82536225  .00004797  00000+0  22879-3 0  9996
2 68423  97.4609 215.1412 0001643  70.0522 290.0890 15.19558453 25557
SPACEVAN-002            
1 68424U 26067J   26257.61448175  .00005250  00000+0  24968-3 0  9996
2 68424  97.4614 214.8418 0003590  81.2156 278.9485 15.19613826 25513
ERMIS-3                 
1 68425U 26067K   26257.30164263  .00004779  00000+0  22734-3 0  9990
2 68425  97.4684 214.7949 0002922  57.7701 302.3817 15.19649257 25474
TRANSPORTER-16 OBJECT L 
1 68426U 26067L   26257.32836165  .00010129  00000+0  45381-3 0  9999
2 68426  97.4639 214.9675 0003436  66.0267 294.1328 15.21435654 25498
EMISAR                  
1 68427U 26067M   26257.10877589  .00008379  00000+0  38456-3 0  9990
2 68427  97.4643 214.6569 0003239  65.0657 295.0915 15.20661476 25456
OUT OF THE BOX (OOTB)   
1 68428U 26067N   26257.33991071  .00002445  00000+0  12010-3 0  9995
2 68428  97.4676 214.7152 0003236  69.7135 290.4447 15.18999787 25478
TROOP-F3                
1 68429U 26067P   26257.61347996  .00010783  00000+0  48312-3 0  9996
2 68429  97.4602 215.1186 0004612  84.0862 276.0900 15.21412943 25535
VEGAFLY-1               
1 68430U 26067Q   26257.33850487  .00005408  00000+0  25303-3 0  9994
2 68430  97.4583 214.6970 0002403  71.5124 288.6372 15.20164450 25480
DISCO-2                 
1 68431U 26067R   26257.86376873  .00007607  00000+0  35350-3 0  9991
2 68431  97.4702 215.4528 0003855  65.1284 295.0351 15.20262456 25563
NUSAT-53 (JANE GOODALL) 
1 68432U 26067S   26257.13393615  .00004692  00000+0  22567-3 0  9992
2 68432  97.4659 214.4990 0004574  77.6904 282.4842 15.19274225 25440
T.MICROSAT-2            
1 68433U 26067T   26257.32703292  .00003371  00000+0  16850-3 0  9991
2 68433  97.4666 214.4198 0007403 105.4042 254.8010 15.18116591 25457
VIREON-1                
1 68434U 26067U   26257.85263084  .00002386  00000+0  11701-3 0  9995
2 68434  97.4689 215.2775 0002832  57.8144 302.3365 15.19086092 25553
ION SCV-019 (ASTOUNDIN*)
1 68435U 26067V   26257.86007062  .00003689  00000+0  17319-3 0  9997
2 68435  97.4649 215.3426 0011445  87.8399 272.4147 15.20204366 25563
HAWK-14B                
1 68436U 26067W   26257.83195265  .00004101  00000+0  20010-3 0  9990
2 68436  97.4647 215.0737 0004425  91.2694 268.9048 15.18846888 25547
AIGLONSAT-1             
1 68437U 26067X   26257.33665015  .00010660  00000+0  47173-3 0  9997
2 68437  97.4596 214.8645 0004868  90.6023 269.5771 15.21837955 25499
TRANSPORTER-16 OBJECT Y 
1 68438U 26067Y   26257.11514419  .00016394  00000+0  71274-3 0  9994
2 68438  97.4616 214.7506 0005236  89.6609 270.5227 15.22338986 25462
TRANSPORTER-16 OBJECT Z 
1 68439U 26067Z   26257.34753410  .00010959  00000+0  48635-3 0  9992
2 68439  97.4602 214.8736 0004701  98.4219 261.7550 15.21734108 25494
TRANSPORTER-16 OBJECT AA
1 68440U 26067AA  26257.31516055  .00014722  00000+0  61804-3 0  9998
2 68440  97.4588 215.0516 0004826  99.4598 260.7185 15.23553049 25507
HAWK-14C                
1 68441U 26067AB  26257.83206924  .00004093  00000+0  19968-3 0  9991
2 68441  97.4586 214.9040 0004414 110.1504 250.0205 15.18847207 25542
NUSAT-54 (BRANCA MARQU*)
1 68442U 26067AC  26257.61887810  .00004446  00000+0  21875-3 0  9999
2 68442  97.4643 214.7337 0006103 109.0441 251.1455 15.18502460 25502
DB-WALI-WMU             
1 68443U 26067AD  26256.84247970  .00004139  00000+0  20511-3 0  9996
2 68443  97.4651 213.9548 0006197 113.5235 246.6651 15.18290437 25382
SHARJAH-SAT-2           
1 68444U 26067AE  26257.62047379  .00005515  00000+0  26031-3 0  9997
2 68444  97.4674 215.1049 0003074  65.8695 294.2861 15.19853890 25525
DB SKYFORGE CORE TU     
1 68445U 26067AF  26257.13234631  .00003320  00000+0  16676-3 0  9999
2 68445  97.4623 214.1177 0006493 118.0405 242.1487 15.17960491 25428
HADES-SA (SPINNYONE)    
1 68446U 26067AG  26257.13278174  .00016781  00000+0  74041-3 0  9995
2 68446  97.4486 214.3133 0008725 115.2575 244.9566 15.21806279 25445
IRIDE-MS1-EAGLET 2-14   
1 68447U 26067AH  26257.61682944  .00006354  00000+0  29794-3 0  9993
2 68447  97.4615 214.9895 0003446  75.2787 284.8830 15.20021038 25523
HAWK-14A                
1 68448U 26067AJ  26257.96392206  .00004126  00000+0  20128-3 0  9998
2 68448  97.4709 215.3803 0005002 113.2887 246.8875 15.18845787 25569
IRIDE-MS1-EAGLET 2-9    
1 68449U 26067AK  26257.32116815  .00005318  00000+0  25711-3 0  9996
2 68449  97.4605 214.4512 0005907 107.7627 252.4253 15.19025598 25469
IRIDE-MS1-EAGLET 2-13   
1 68450U 26067AL  26257.63277461  .00006495  00000+0  30628-3 0  9997
2 68450  97.4643 215.0306 0004376  78.9624 281.2103 15.19811791 25525
IRIDE-MS1-EAGLET 2-10   
1 68451U 26067AM  26257.36139952  .00006210  00000+0  29232-3 0  9994
2 68451  97.4601 214.6877 0003645  80.8685 279.2963 15.19895478 25485
IRIDE-MS1-EAGLET 2-16   
1 68452U 26067AN  26257.84206817  .00006927  00000+0  33330-3 0  9992
2 68452  97.4645 215.0603 0006031 101.3723 258.8189 15.19082066 25541
IRIDE-MS1-EAGLET 2-11   
1 68453U 26067AP  26257.82999236  .00007327  00000+0  34449-3 0  9992
2 68453  97.4642 215.2322 0004326  77.6034 282.5685 15.19869651 25553
AISSAT 4                
1 68454U 26067AQ  26256.82270781  .00005068  00000+0  24738-3 0  9999
2 68454  97.4668 214.0316 0007021 108.7622 251.4375 15.18704817 25389
DB CHARMS ND            
1 68455U 26067AR  26257.32931688  .00003316  00000+0  16614-3 0  9994
2 68455  97.4682 214.4382 0007361 107.6739 252.5299 15.18042954 25459
PARUS-6U1               
1 68456U 26067AS  26257.84081588  .00005237  00000+0  25830-3 0  9991
2 68456  97.4654 214.9223 0007337 106.4472 253.7569 15.18326638 25538
TRANSPORTER-16 OBJECT AT
1 68457U 26067AT  26256.83307989  .00009142  00000+0  41621-3 0  9991
2 68457  97.4643 214.4094 0003416  68.5398 291.6202 15.20914596 25418
SAL-E                   
1 68458U 26067AU  26257.15375359  .00006927  00000+0  33524-3 0  9995
2 68458  97.4575 214.1450 0007477 115.2102 244.9909 15.18870070 25432
DB GME UT (DB-GLOBE MI*)
1 68459U 26067AV  26257.84693811  .00005511  00000+0  27177-3 0  9993
2 68459  97.4635 214.8716 0007753 107.5183 252.6899 15.18308436 25539
COSMO                   
1 68460U 26067AW  26257.33198395  .00008495  00000+0  40267-3 0  9995
2 68460  97.4579 214.3966 0007843 110.9263 249.2812 15.19522486 25460
IRIDE-MS1-EAGLET 2-12   
1 68461U 26067AX  26257.31304449  .00005583  00000+0  26933-3 0  9992
2 68461  97.4644 214.5485 0005985 104.8766 255.3131 15.19078180 25466
IRIDE-MS1-EAGLET 2-15   
1 68462U 26067AY  26257.31499099  .00005725  00000+0  27135-3 0  9992
2 68462  97.4646 214.7027 0004923  82.0935 278.0858 15.19684236 25473
GARAI-B (UNAMUNO)       
1 68463U 26067AZ  26257.82024756  .00004007  00000+0  22142-3 0  9998
2 68463  97.4630 214.7569 0004991 109.5674 250.6097 15.14453371 25524
FGN-100-D3              
1 68464U 26067BA  26257.35715630  .00003736  00000+0  18513-3 0  9990
2 68464  97.4618 214.4211 0004536 117.8813 242.2881 15.18361346 25469
HOTSAT-2                
1 68465U 26067BB  26256.84841567  .00002385  00000+0  12065-3 0  9998
2 68465  97.4629 213.8949 0004924 111.9845 248.1912 15.17985649 25382
DB-PFW                  
1 68466U 26067BC  26257.30358786  .00005897  00000+0  28783-3 0  9992
2 68466  97.4584 214.2660 0007569 120.5870 239.6112 15.18636193 25307
TRANSPORTER-16 OBJECT BD
1 68467U 26067BD  26257.13724008  .00015642  00000+0  69503-3 0  9992
2 68467  97.4495 214.3180 0008143 115.0563 245.1520 15.21585585 25457
ERMIS-1                 
1 68468U 26067BE  26257.35719328  .00006896  00000+0  33294-3 0  9995
2 68468  97.4637 214.4878 0008669 101.7899 258.4308 15.18948488 25461
LUNA-2                  
1 68470U 26067BG  26257.32411497  .00006124  00000+0  30095-3 0  9991
2 68470  97.4573 214.2231 0008652 112.8782 247.3366 15.18373464 25456
LEMUR-2-DELOITTE-3      
1 68471U 26067BH  26257.34751464  .00003265  00000+0  32596-3 0  9996
2 68471  97.7666 214.1698 0005356 104.7226 255.4587 14.92190148 25025
FLYLAB1                 
1 68472U 26067BJ  26257.33090696  .00000691  00000+0  73580-4 0  9998
2 68472  97.7726 214.1446 0005188 102.9111 257.2688 14.92046866 25018
VIGORIDE-7              
1 68473U 26067BK  26257.60861138  .00005994  00000+0  25263-3 0  9991
2 68473  97.4638 215.6486 0008937 184.7064 175.4091 15.23672484 25541
BLACK KITE-2            
1 68474U 26067BL  26256.83024047  .00002007  00000+0  19891-3 0  9998
2 68474  97.7640 213.8646 0001657   1.0322 359.0901 14.92915687 24950
UNICORN-2S              
1 68475U 26067BM  26257.35497484  .00007106  00000+0  68260-3 0  9995
2 68475  97.7584 214.1737 0005651 105.8434 254.3409 14.93343134 24502
LEMUR-2-JULIA-JOEL      
1 68476U 26067BN  26257.34792466  .00002645  00000+0  25814-3 0  9994
2 68476  97.7655 214.4491 0002066  16.2303 343.8983 14.93275192 25037
UNICORN-2R              
1 68477U 26067BP  26257.84215524  .00008881  00000+0  85875-3 0  9996
2 68477  97.7592 214.6226 0006120 115.5923 244.5929 14.93007607 24504
FOSSASAT-2E25           
1 68478U 26067BQ  26257.81930577  .00000780  00000+0  81947-4 0  9993
2 68478  97.7693 214.8242 0002325  30.4057 329.7297 14.92265086 25098
LEMUR-2-PEGGY-2004      
1 68479U 26067BR  26257.81852095  .00003591  00000+0  34683-3 0  9999
2 68479  97.7635 214.8760 0001618  35.3490 324.7837 14.93457711 25105
LEMUR-2-IRINA           
1 68480U 26067BS  26257.12563398  .00001999  00000+0  19586-3 0  9995
2 68480  97.7722 214.4085 0003773   2.5015 357.6223 14.93390190 25003
TORO-3                  
1 68481U 26067BT  26257.82184464  .00001518  00000+0  15434-3 0  9991
2 68481  97.7775 214.9737 0003706  41.1787 318.9711 14.92249141 25091
LEMUR-2-SEJONG-3        
1 68482U 26067BU  26257.86220112  .00002178  00000+0  21279-3 0  9994
2 68482  97.7667 215.0262 0002736 344.0945  16.0188 14.93406348 25112
LEMUR-2-CLARA           
1 68483U 26067BV  26257.81875902  .00003358  00000+0  32649-3 0  9997
2 68483  97.7738 215.0740 0003395  21.6485 338.4877 14.93236659 25103
VINDLER 2.2             
1 68484U 26067BW  26257.83728825  .00001542  00000+0  15668-3 0  9996
2 68484  97.7621 215.6645 0003022  63.0819 297.0709 14.92237708 25146
CAPELLA-20 (ACADIA-10)  
1 68485U 26067BX  26257.86631348  .00004883  00000+0  50123-3 0  9999
2 68485  97.7670 214.7237 0002491  97.1044 263.0458 14.90850849 25098
VINDLER 2.3             
1 68486U 26067BY  26256.83134264  .00001374  00000+0  14038-3 0  9998
2 68486  97.7670 213.7706 0002297  64.1333 296.0122 14.92211588 24948
AE1A                    
1 68487U 26067BZ  26257.62223088  .00003408  00000+0  33124-3 0  9997
2 68487  97.7639 214.6646 0001279  20.2984 339.8286 14.93239563 25077
VINDLER 2.1             
1 68488U 26067CA  26257.83749350  .00001421  00000+0  14490-3 0  9994
2 68488  97.7665 214.7522 0002805  92.8821 267.2719 14.92223915 25092
LEMUR-2-CARROLLEMO      
1 68489U 26067CB  26257.87383200  .00002447  00000+0  24632-3 0  9995
2 68489  97.7627 214.6254 0003430 109.2777 250.8813 14.92099623 25090
MIMIR 1                 
1 68490U 26067CC  26257.33481456  .00001375  00000+0  14452-3 0  9998
2 68490  97.7707 214.1047 0003683  90.4108 269.7533 14.91063061 25000
LEMUR-2-DELOITTE-2      
1 68491U 26067CD  26257.61434496  .00004230  00000+0  42037-3 0  9995
2 68491  97.7650 214.4048 0004389 103.1660 257.0049 14.92222365 25053
LEMUR-2-EMARCHIA        
1 68492U 26067CE  26257.86670854  .00004188  00000+0  41372-3 0  9996
2 68492  97.7651 214.6915 0004881 104.8963 255.2797 14.92461677 25096
LEMUR-2-POLO-11         
1 68493U 26067CF  26257.59739414  .00004252  00000+0  42019-3 0  9996
2 68493  97.7746 214.6139 0005246  85.3129 274.8689 14.92438237 25052
ICEYE-X71               
1 68494U 26067CG  26257.91670139  .00016068  00000+0  13467-2 0  9993
2 68494  97.7720 215.0348 0003811  85.3904 276.4963 14.98474719  5736
GRAVITAS                
1 68495U 26067CH  26257.91670139  .00030802  00000+0  56691-2 0  9992
2 68495  97.7456 210.3432 0084275   8.5961 306.6175 14.63202795  5453
ICEYE-X73               
1 68496U 26067CJ  26257.33964290  .00001446  00000+0  14607-3 0  9997
2 68496  97.7702 214.3965 0002760  46.4995 313.6453 14.92568429 25023
ICEYE-X75               
1 68497U 26067CK  26257.62202147  .00000995  00000+0  10295-3 0  9993
2 68497  97.7689 214.6082 0002450  49.5764 310.5669 14.92278581 25061
IO-1                    
1 68498U 26067CL  26257.34882557  .00001182  00000+0  12235-3 0  9997
2 68498  97.7676 214.1065 0003763 107.2960 252.8671 14.91927467 25011
SERT3                   
1 68499U 26067CM  26257.61606347  .00001249  00000+0  12944-3 0  9990
2 68499  97.7671 214.4380 0002889  95.9518 264.2030 14.91772552 25053
ICEYE-X74               
1 68500U 26067CN  26257.33242164  .00001483  00000+0  15126-3 0  9990
2 68500  97.7712 214.2727 0003900  83.8362 276.3301 14.92157458 25017
N1-ATLAS                
1 68501U 26067CP  26257.82729272  .00001654  00000+0  16978-3 0  9991
2 68501  97.7729 214.7323 0004904  87.9969 272.1811 14.91739262 25081
ICEYE-X76               
1 68502U 26067CQ  26257.87064858  .00000685  00000+0  73352-4 0  9992
2 68502  97.7722 214.8145 0003629  79.2283 280.9344 14.91852646 25095
FLYLAB2                 
1 68503U 26067CR  26257.34641112  .00001309  00000+0  12810-3 0  9994
2 68503  97.7670 214.0014 0007555 135.3237 224.8593 14.94002829 25007
ICEYE-X72               
1 68504U 26067CS  26257.34402417  .00002100  00000+0  17964-3 0  9993
2 68504  97.7700 215.0389 0002834  53.9453 306.2032 14.98693336 25060
GEMS2-AMETHYST          
1 68505U 26067CT  26257.12587230  .00003120  00000+0  31545-3 0  9991
2 68505  97.7696 213.9013 0006880 103.2978 256.9008 14.91709173 24975
AEPEX                   
1 68506U 26067CU  26257.61499174  .00006111  00000+0  28516-3 0  9992
2 68506  97.4607 214.9866 0004594 115.3577 244.8135 15.20198800 25409
CAMOES                  
1 68507U 26067CV  26257.61742669  .00007249  00000+0  34443-3 0  9992
2 68507  97.4742 215.0468 0004801 108.8927 251.2828 15.19509392 25497
MARS-1                  
1 68830U 26067CW  26256.83176007  .00006012  00000+0  28208-3 0  9990
2 68830  97.4618 214.2074 0003780 129.8059 230.3509 15.20021006 65958
BESSA                   
1 68836U 26067CX  26257.13622161  .00007482  00000+0  35546-3 0  9992
2 68836  97.4623 214.4475 0012232  67.6604 292.5926 15.19447403 25246
